lastAccountName: faliceu
timestamps:
  login: 1494727999882
  lastteleport: 1494728276268
  logout: 1494728633573
ipAddress: 127.0.0.1
lastlocation:
  world: Principal
  x: -260.69999998807907
  y: 65.0
  z: -77.20875699993373
  yaw: -267.14993
  pitch: 6.600001
logoutlocation:
  world: Principal
  x: -260.69999998807907
  y: 65.0
  z: -77.20875699993373
  yaw: -267.14993
  pitch: 6.600001
