lastAccountName: Jebersom
timestamps:
  login: 1479225260474
  logout: 1479077256233
  lastteleport: 1479027363760
ipAddress: 127.0.0.1
logoutlocation:
  world: Principal
  x: 397.5339429270386
  y: 64.0
  z: 328.6153098848595
  yaw: -316.19934
  pitch: 8.850025
lastlocation:
  world: Grande_vila
  x: -157.40338588171136
  y: 60.73397930466051
  z: 278.83600211097564
  yaw: 38.603577
  pitch: -4.3498826
afk: true
