lastAccountName: Throyer
timestamps:
  login: 1525017857441
  lastteleport: 1479239818670
  logout: 1525020070811
ipAddress: 127.0.0.1
lastlocation:
  world: Grande_vila
  x: -490.4600711033485
  y: 65.1240265374822
  z: 596.0961231691192
  yaw: -359.71353
  pitch: 24.000051
logoutlocation:
  world: Principal
  x: 403.0499105965479
  y: 64.0
  z: 329.2236205352688
  yaw: 41.54996
  pitch: -14.1000395
homes:
  home:
    world: Grande_vila
    x: -160.5285546958862
    y: 64.0
    z: 329.2095045389132
    yaw: 113.84933
    pitch: 5.099543
afk: false
