lastAccountName: Throyer
timestamps:
  login: 1524974032119
  lastteleport: 1524974549573
  kits:
    tools: 1494451900741
  logout: 1524974600689
ipAddress: 127.0.0.1
lastlocation:
  world: Principal
  x: -665.6280202522107
  y: 85.91859463778457
  z: -1473.13137725236
  yaw: 337.94885
  pitch: 16.500076
logoutlocation:
  world: Principal
  x: -286.50919495979895
  y: 81.96753153206578
  z: -382.13094545658646
  yaw: -36.75036
  pitch: 17.25011
homes:
  home:
    world: Principal
    x: -368.07751830950366
    y: 64.0
    z: -247.92875368864145
    yaw: -88.500275
    pitch: 19.350021
afk: false
