lastAccountName: gscarabelot
timestamps:
  login: 1479077628476
  logout: 1479079182305
ipAddress: 177.96.172.93
logoutlocation:
  world: Grande_vila
  x: -157.45132328449867
  y: 73.0
  z: 276.9748216754064
  yaw: 344.09802
  pitch: 48.599995
