lastAccountName: Thelokys
timestamps:
  login: 1500646536593
  kits:
    tools: 1495629228309
  logout: 1500655549738
  lastteleport: 1500648958381
ipAddress: 127.0.0.1
lastlocation:
  world: Principal
  x: -274.1895729370941
  y: 10.0
  z: -292.0504406316861
  yaw: 243.30536
  pitch: 24.167583
logoutlocation:
  world: Principal
  x: -279.9137172424992
  y: 69.0
  z: -295.59251905372224
  yaw: 138.3397
  pitch: 62.844006
afk: false
homes:
  home:
    world: Principal
    x: -279.46822161841874
    y: 69.0
    z: -296.1607418806903
    yaw: -39.133102
    pitch: 16.852913
