lastAccountName: schwuike
timestamps:
  login: 1479246192632
  logout: 1479246884410
ipAddress: 179.209.34.16
logoutlocation:
  world: Grande_vila
  x: -193.5
  y: 70.0999984741211
  z: 254.5
  yaw: 59.093994
  pitch: 78.78517
lastlocation:
  world: Mural
  x: -3.929374202090752
  y: 70.83459406893718
  z: -33.75935429010758
  yaw: -180.75604
  pitch: 21.4615
