lastAccountName: Priscila
timestamps:
  login: 1479056002287
  logout: 1479056511701
ipAddress: 187.62.9.246
lastlocation:
  world: Grande_vila
  x: -181.43376825055884
  y: 65.0
  z: 280.95805598343236
  yaw: 10.947968
  pitch: 71.25
logoutlocation:
  world: Mural
  x: -3.207799389668553
  y: 71.55691078014989
  z: -13.070803307162096
  yaw: 184.35004
  pitch: -12.599987
