lastAccountName: Kirofe
timestamps:
  login: 1499957892137
  logout: 1499958242443
  lastteleport: 1499868576093
ipAddress: 192.168.10.150
lastlocation:
  world: Principal
  x: -253.0
  y: 70.0
  z: -78.0
  yaw: -160.80566
  pitch: -90.0
logoutlocation:
  world: Principal
  x: -163.91806272224798
  y: 63.0
  z: -457.3945690998537
  yaw: -2.5838623
  pitch: 31.7568
afk: false
homes:
  home:
    world: Principal
    x: -160.18774141551552
    y: 63.0
    z: -454.63624156898277
    yaw: -203.4162
    pitch: 28.132158
