lastAccountName: Gr347
timestamps:
  login: 1479076650549
  logout: 1479080532539
ipAddress: 132.255.218.101
afk: false
lastlocation:
  world: Mural
  x: 79.69999998807907
  y: 70.54257164659832
  z: -132.22387544949964
  yaw: 273.43738
  pitch: 11.400051
logoutlocation:
  world: Mural
  x: 79.97258231151999
  y: 63.0
  z: -121.83100438286964
  yaw: -289.33765
  pitch: 33.032276
