lastAccountName: thelokys
timestamps:
  login: 1495574272486
  logout: 1495574299464
ipAddress: 192.168.2.215
logoutlocation:
  world: Principal
  x: -253.0
  y: 65.0
  z: -78.0
  yaw: -0.82290214
  pitch: 0.6400351
