lastAccountName: ZertGames
timestamps:
  login: 1495578628515
  logout: 1495581977651
  lastteleport: 1495581160396
  kits:
    tools: 1494535872036
ipAddress: 192.168.2.221
logoutlocation:
  world: Principal
  x: -305.10729656514224
  y: 64.0
  z: 167.990289371111
  yaw: -228.87263
  pitch: 44.00893
lastlocation:
  world: Principal
  x: -344.30000001192093
  y: 54.5
  z: -107.30000001192093
  yaw: -187.66736
  pitch: 14.110129
homes:
  home:
    world: Principal
    x: -303.5003001801263
    y: 64.0
    z: 172.72799550165956
    yaw: -65.41553
    pitch: 30.13427
afk: false
