lastAccountName: DomLcforce
timestamps:
  login: 1479248891928
  logout: 1479250003506
  lastteleport: 1479246985899
ipAddress: 189.69.98.35
logoutlocation:
  world: Grande_vila
  x: -239.7025080891681
  y: 70.0
  z: 338.4768828706854
  yaw: -195.0354
  pitch: 40.64995
lastlocation:
  world: Grande_vila
  x: -240.18025389738094
  y: 72.0
  z: 314.5880458143174
  yaw: 77.069275
  pitch: 9.45
homes:
  home:
    world: Grande_vila
    x: -244.50298146726152
    y: 70.0
    z: 341.2717089326892
    yaw: -182.88586
    pitch: 9.149982
