lastAccountName: C H A T U B A
timestamps:
  login: 1495816919640
  lastteleport: 1495808599171
  logout: 1495817731322
ipAddress: 192.168.5.83
lastlocation:
  world: Principal
  x: -190.32821469591812
  y: 64.0
  z: -49.48250671999885
  yaw: 5.622101
  pitch: -33.676918
logoutlocation:
  world: Principal
  x: -203.37889728941585
  y: 93.0
  z: -52.475473375934214
  yaw: 242.67706
  pitch: 33.67693
afk: false
