lastAccountName: rinkashi
timestamps:
  login: 1479265676488
  logout: 1479266452820
ipAddress: 200.158.179.166
lastlocation:
  world: Principal
  x: 380.5
  y: 67.0
  z: 309.5
  yaw: 0.0
  pitch: 0.0
logoutlocation:
  world: Pequena_vila
  x: 419.62276046535635
  y: 63.0
  z: 148.64786879197385
  yaw: 137.84993
  pitch: 6.300008
