lastAccountName: testinho
timestamps:
  login: 1495721055060
  logout: 1495721683895
ipAddress: 192.168.5.83
logoutlocation:
  world: Principal
  x: -358.5079576652505
  y: 53.5
  z: -62.30000001192093
  yaw: 52.391293
  pitch: -80.03375
