lastAccountName: fazlinhares
timestamps:
  login: 1479237399041
  logout: 1479237451508
ipAddress: 177.143.246.21
lastlocation:
  world: Grande_vila
  x: -157.30000001192093
  y: 61.97314809801757
  z: 279.69999998807907
  yaw: 314.84885
  pitch: -90.0
logoutlocation:
  world: Grande_vila
  x: -161.9717624212345
  y: 64.0
  z: 295.8913939351298
  yaw: 265.77448
  pitch: 19.800003
